platform:0 pose:
camera id:0 R: 1 0 0 0 1 0 0 0 1 
t: -0 -0 -0 
platform:1 pose:
camera id:0 R: 0.999741 -0.0132231 -0.0185182 0.0134167 0.999856 0.0103715 0.0183784 -0.0106173 0.999775 
t: 1.09668 -4.57556 -3.53231 
platform:2 pose:
camera id:0 R: 0.999701 -0.0143999 -0.0197447 0.014785 0.9997 0.019501 0.019458 -0.0197871 0.999615 
t: 1.19077 -5.91674 -4.21296 
platform:3 pose:
camera id:0 R: 0.9982 -0.0511317 0.0313486 0.0492455 0.997087 0.0582451 -0.0342355 -0.0565965 0.99781 
t: -17.6273 20.1382 -15.2015 
platform:4 pose:
camera id:0 R: 0.998184 -0.0559216 0.0223902 0.0549303 0.997578 0.0426799 -0.0247227 -0.0413725 0.998838 
t: -23.6624 0.236388 -11.3118 
platform:5 pose:
camera id:0 R: 0.999428 -0.0335717 0.00415862 0.0335027 0.999316 0.0156666 -0.00468173 -0.0155183 0.999869 
t: -8.83586 -0.36218 -3.26357 
platform:6 pose:
camera id:0 R: 0.995453 -0.0881769 0.0360432 0.0843194 0.991677 0.0973022 -0.044323 -0.0938206 0.994602 
t: -23.4516 -3.30239 -13.3907 
platform:7 pose:
camera id:0 R: 0.984918 -0.148024 0.0895891 0.137186 0.983612 0.116995 -0.105439 -0.10294 0.989083 
t: -50.3972 -19.2687 -9.31506 
platform:8 pose:
camera id:0 R: 0.993978 -0.105254 0.0304766 0.100737 0.987177 0.123832 -0.0431196 -0.120016 0.991835 
t: -27.9841 -17.2651 -17.0428 
platform:9 pose:
camera id:0 R: 0.979815 -0.154967 0.126283 0.144568 0.985594 0.0877756 -0.138066 -0.0677475 0.988103 
t: -58.7858 -1.97015 -4.77134 
platform:10 pose:
camera id:0 R: 0.986609 -0.129343 0.0993618 0.124737 0.990864 0.0512699 -0.105085 -0.0381892 0.99373 
t: -47.3643 19.7738 -6.58487 
platform:11 pose:
camera id:0 R: 0.992385 -0.0816597 0.0922204 0.0790708 0.996375 0.0313927 -0.0944496 -0.0238617 0.995244 
t: -39.3057 43.3686 -6.90873 
platform:12 pose:
camera id:0 R: 0.993197 -0.078511 0.085999 0.0777867 0.996901 0.0117465 -0.0866547 -0.004977 0.996226 
t: -26.6439 56.2121 -3.73263 
platform:13 pose:
camera id:0 R: 0.995997 -0.0152445 0.0880751 0.0212799 0.997458 -0.0679983 -0.0868147 0.0696003 0.99379 
t: -16.3731 107.547 -5.09843 
platform:14 pose:
camera id:0 R: 0.993995 -0.0384892 0.102433 0.0409336 0.998923 -0.0218691 -0.101481 0.0259307 0.994499 
t: -23.1398 90.8223 -1.98839 
platform:15 pose:
camera id:0 R: 0.994045 -0.0602198 0.0908139 0.0612848 0.99808 -0.00898197 -0.0900986 0.014494 0.995827 
t: -19.8358 72.0339 -3.37803 
platform:16 pose:
camera id:0 R: 0.990324 0.119443 0.0706483 -0.0862208 0.928503 -0.361175 -0.108737 0.351589 0.929818 
t: 3.8599 235.565 -4.94302 
platform:17 pose:
camera id:0 R: 0.996677 0.0309817 0.0753324 -0.0155167 0.98012 -0.197798 -0.0799629 0.195972 0.977344 
t: 6.98841 173.217 0.596791 
platform:18 pose:
camera id:0 R: 0.996428 0.0145692 0.0831759 -0.000836869 0.986659 -0.162799 -0.0844381 0.162148 0.983147 
t: 0.207518 156.844 2.29402 
platform:19 pose:
camera id:0 R: 0.996629 0.021168 0.0792656 -0.0070505 0.984666 -0.174309 -0.0817399 0.173163 0.981495 
t: 4.83937 162.468 1.04596 
platform:20 pose:
camera id:0 R: 0.995539 0.0011804 0.0943427 0.00842887 0.994811 -0.101391 -0.0939729 0.101734 0.990363 
t: -9.33648 133.101 1.55427 
platform:21 pose:
camera id:0 R: 0.995865 0.00745249 0.0905447 0.00504911 0.99055 -0.137063 -0.0907105 0.136953 0.986416 
t: -5.0326 148.236 4.04344 
platform:22 pose:
camera id:0 R: 0.991922 0.0955554 0.0834214 -0.0615509 0.93763 -0.342141 -0.110912 0.334243 0.935938 
t: -3.18913 225.155 -6.47038 
platform:23 pose:
camera id:0 R: 0.992825 0.0806207 0.0883122 -0.0496596 0.949825 -0.308816 -0.108778 0.302215 0.947013 
t: -4.1893 206.986 -2.0561 
platform:24 pose:
camera id:0 R: 0.995706 0.0870795 0.0314234 -0.071419 0.938519 -0.33776 -0.0589034 0.334065 0.940708 
t: 32.4572 227.353 -1.60299 
platform:25 pose:
camera id:0 R: 0.995542 0.0493762 0.0803685 -0.0287127 0.970244 -0.240421 -0.0898481 0.237041 0.967336 
t: 7.41909 190.893 2.60705 
platform:26 pose:
camera id:0 R: 0.999852 -0.00195058 -0.0171214 -0.00327562 0.953944 -0.299968 0.016918 0.29998 0.953796 
t: 85.8811 200.461 13.5851 
platform:27 pose:
camera id:0 R: 0.999138 0.0402215 0.010248 -0.0354859 0.955836 -0.29175 -0.0215301 0.291135 0.95644 
t: 64.0561 207.756 10.9832 
platform:28 pose:
camera id:0 R: 0.996703 -0.049342 -0.0644128 0.0275562 0.952511 -0.303254 0.076317 0.300479 0.95073 
t: 96.7976 175.116 -8.13754 
platform:29 pose:
camera id:0 R: 0.992276 -0.0849358 -0.0904169 0.0542504 0.952567 -0.299455 0.111563 0.292236 0.949817 
t: 113.519 163.147 -10.5809 
platform:30 pose:
camera id:0 R: 0.993292 0.106125 0.045925 -0.0831167 0.931353 -0.354504 -0.0803941 0.348308 0.933926 
t: 19.0664 234.494 -5.14785 
platform:31 pose:
camera id:0 R: 0.996764 0.073696 0.0320961 -0.0612856 0.955123 -0.2898 -0.0520128 0.286896 0.956549 
t: 42.8628 210.544 6.69496 
platform:32 pose:
camera id:0 R: 0.979493 -0.152941 -0.131155 0.109202 0.950061 -0.292335 0.169315 0.272018 0.94728 
t: 143.674 144.375 -4.6432 
platform:33 pose:
camera id:0 R: 0.986738 -0.123786 -0.105001 0.0873439 0.950145 -0.299324 0.136818 0.286183 0.948356 
t: 128.138 153.539 -5.67767 
platform:34 pose:
camera id:0 R: 0.952547 -0.210171 -0.220186 0.169443 0.967045 -0.190032 0.252869 0.143705 0.956769 
t: 170.244 96.049 -11.5643 
platform:35 pose:
camera id:0 R: 0.964664 -0.191117 -0.181376 0.175468 0.979508 -0.0988693 0.196555 0.0635498 0.978431 
t: 168.572 64.9676 12.4642 
platform:36 pose:
camera id:0 R: 0.961303 -0.238281 -0.138271 0.249092 0.966176 0.0667584 0.117687 -0.0986173 0.988142 
t: 128.278 -13.5554 21.6147 
platform:37 pose:
camera id:0 R: 0.959841 -0.223936 -0.16899 0.227238 0.973839 0.000204857 0.164523 -0.0385977 0.985618 
t: 148.162 16.6945 16.4925 
platform:38 pose:
camera id:0 R: 0.958673 -0.202449 -0.1999 0.177006 0.974483 -0.13803 0.222743 0.0969417 0.970045 
t: 172.088 80.824 2.69717 
platform:39 pose:
camera id:0 R: 0.953612 -0.198382 -0.226428 0.143686 0.960891 -0.236733 0.264536 0.193217 0.944822 
t: 173.186 116.451 -12.6812 
platform:40 pose:
camera id:0 R: 0.964906 -0.17707 -0.193915 0.12136 0.955556 -0.268673 0.23287 0.23571 0.943511 
t: 166.227 129.987 -8.75639 
platform:41 pose:
camera id:0 R: 0.963764 -0.200869 -0.175528 0.192275 0.979196 -0.0648455 0.184902 0.0287461 0.982336 
t: 161.54 50.2541 15.9139 
platform:42 pose:
camera id:0 R: 0.961142 -0.23086 -0.151363 0.24004 0.969709 0.0452243 0.136337 -0.0798 0.987443 
t: 137.687 -2.66854 19.5171 
platform:43 pose:
camera id:0 R: 0.958798 -0.254997 -0.125234 0.267259 0.9591 0.0932683 0.0963288 -0.122895 0.987733 
t: 122.866 -25.8452 19.9599 
platform:44 pose:
camera id:0 R: 0.961281 -0.209763 -0.178711 0.207323 0.977735 -0.0324355 0.181536 -0.00587131 0.983367 
t: 152.717 35.0893 12.3553 
platform:45 pose:
camera id:0 R: 0.991557 0.124625 0.0358301 -0.106135 0.938725 -0.327918 -0.0745013 0.321346 0.944026 
t: 36.4253 214.893 33.9311 
platform:46 pose:
camera id:0 R: 0.962588 -0.254781 -0.09226 0.265058 0.956065 0.125236 0.0562987 -0.145005 0.987828 
t: 111.678 -31.1959 27.9798 
platform:47 pose:
camera id:0 R: 0.966695 -0.248976 -0.0592591 0.254852 0.957696 0.133672 0.0234711 -0.144322 0.989252 
t: 98.2108 -24.2563 30.9442 
platform:48 pose:
camera id:0 R: 0.980496 -0.096037 -0.171475 0.0727629 0.987866 -0.137209 0.182572 0.122056 0.975587 
t: 160.969 116.229 30.1718 
platform:49 pose:
camera id:0 R: 0.995903 -0.0159003 -0.089021 -0.0146958 0.942877 -0.332816 0.0892278 0.332761 0.93878 
t: 82.1865 153.061 -18.6423 
platform:50 pose:
camera id:0 R: 0.990434 -0.117746 -0.0719413 0.0985509 0.968554 -0.228452 0.0965783 0.219176 0.970894 
t: 132.52 168.784 -0.397911 
platform:51 pose:
camera id:0 R: 0.996138 0.0866918 -0.0139051 -0.0864105 0.939938 -0.330228 -0.0155581 0.330154 0.943799 
t: 63.189 213.296 27.5268 
platform:52 pose:
camera id:0 R: 0.964864 -0.262212 -0.0167977 0.262491 0.959107 0.105886 -0.0116539 -0.106575 0.994236 
t: 78.1309 -24.3625 31.4829 
platform:53 pose:
camera id:0 R: 0.992276 0.124023 -0.00264415 -0.116962 0.92825 -0.353088 -0.0413368 0.35067 0.935586 
t: 46.162 217.602 16.4322 
platform:54 pose:
camera id:0 R: 0.997037 0.0769171 -0.000682927 -0.0736929 0.952624 -0.295088 -0.0220467 0.294264 0.95547 
t: 60.3338 198.233 35.001 
platform:55 pose:
camera id:0 R: 0.99354 -0.0596069 -0.0965641 0.0411754 0.982305 -0.182705 0.105746 0.177549 0.978414 
t: 132.745 132.521 44.3029 
platform:56 pose:
camera id:0 R: 0.998898 0.0108739 -0.0456558 -0.0209294 0.973913 -0.225954 0.0420078 0.226661 0.973068 
t: 95.1131 166.358 47.1535 
platform:57 pose:
camera id:0 R: 0.997002 -0.0303647 -0.0711721 0.0152358 0.978817 -0.204172 0.075864 0.202475 0.976344 
t: 111.919 153.201 45.2908 
platform:58 pose:
camera id:0 R: 0.998104 0.0606395 -0.0105687 -0.0612747 0.962497 -0.264281 -0.00585355 0.264427 0.964388 
t: 70.6085 181.683 41.5315 
platform:59 pose:
camera id:0 R: 0.998522 0.0466619 -0.0278568 -0.052241 0.965412 -0.255443 0.0149738 0.256521 0.966423 
t: 77.8315 178.138 42.5046 
platform:60 pose:
camera id:0 R: 0.972795 -0.114268 -0.201527 0.0990191 0.991515 -0.0842214 0.209441 0.0619752 0.975855 
t: 174.056 96.3942 31.8228 
platform:61 pose:
camera id:0 R: 0.978898 -0.125461 -0.161304 0.112746 0.989918 -0.0857333 0.170434 0.0657377 0.983174 
t: 159.026 88.3375 37.6685 
platform:62 pose:
camera id:0 R: 0.979457 -0.124365 -0.158734 0.110746 0.989584 -0.091971 0.168518 0.0725026 0.983028 
t: 157.601 89.6536 38.2997 
platform:63 pose:
camera id:0 R: 0.972958 -0.122515 -0.195814 0.1042 0.989386 -0.101283 0.206145 0.0781398 0.975397 
t: 171.108 98.861 29.1183 
platform:64 pose:
camera id:0 R: 0.97158 -0.131986 -0.1965 0.119842 0.990141 -0.0725154 0.204134 0.0469057 0.977819 
t: 173.528 80.0752 30.1521 
platform:65 pose:
camera id:0 R: 0.981831 -0.114594 -0.151247 0.100791 0.990265 -0.0959978 0.160775 0.0790094 0.983824 
t: 150.067 99.86 40.774 
platform:66 pose:
camera id:0 R: 0.969765 -0.124536 -0.209874 0.118132 0.992074 -0.0428285 0.213544 0.0167408 0.97679 
t: 191.466 107.953 34.241 
platform:67 pose:
camera id:0 R: 0.975273 -0.115633 -0.188341 0.0984197 0.990274 -0.0983422 0.197881 0.0773739 0.977167 
t: 168.632 92.3795 33.756 
platform:68 pose:
camera id:0 R: 0.973589 -0.10767 -0.201323 0.0905842 0.991606 -0.0922613 0.209567 0.0715879 0.97517 
t: 185.937 117.889 33.6739 
platform:69 pose:
camera id:0 R: 0.96045 -0.197207 -0.196584 0.185465 0.979658 -0.0766395 0.207698 0.0371491 0.977487 
t: 170.783 59.1324 31.0048 
platform:70 pose:
camera id:0 R: 0.961318 -0.178127 -0.21009 0.164449 0.983053 -0.0810161 0.220961 0.0433332 0.97432 
t: 182.331 75.721 30.3873 
platform:71 pose:
camera id:0 R: 0.957042 -0.215493 -0.193995 0.210105 0.976491 -0.0481881 0.199819 0.00535871 0.979818 
t: 162.93 30.6017 31.4247 
platform:72 pose:
camera id:0 R: 0.953661 -0.225129 -0.199619 0.224849 0.974089 -0.0243761 0.199934 -0.0216377 0.97957 
t: 161.816 19.7302 31.1527 
platform:73 pose:
camera id:0 R: 0.958365 -0.215255 -0.18762 0.207742 0.976399 -0.0590656 0.195906 0.0176297 0.980464 
t: 162.48 43.3559 32.6141 
platform:74 pose:
camera id:0 R: 0.941166 -0.27889 -0.19086 0.289475 0.956732 0.029451 0.174388 -0.0829674 0.981175 
t: 141.469 -27.2984 30.7267 
platform:75 pose:
camera id:0 R: 0.939411 -0.298234 -0.169009 0.310983 0.94887 0.0541751 0.144211 -0.103452 0.984125 
t: 128.601 -49.3576 34.7392 
platform:76 pose:
camera id:0 R: 0.939139 -0.289486 -0.184974 0.302639 0.95196 0.0467128 0.162565 -0.09985 0.981633 
t: 135.633 -40.2693 31.8098 
platform:77 pose:
camera id:0 R: 0.939846 -0.302855 -0.158011 0.316063 0.946446 0.0659103 0.129587 -0.111887 0.985235 
t: 122.165 -51.6321 36.1312 
platform:78 pose:
camera id:0 R: 0.945806 -0.254894 -0.201195 0.260079 0.965587 -0.000688717 0.194447 -0.0516751 0.979551 
t: 153.24 -3.15136 31.1855 
platform:79 pose:
camera id:0 R: 0.944533 -0.304635 -0.1227 0.314635 0.946463 0.0721921 0.094139 -0.106794 0.989815 
t: 105.18 -47.9317 40.3697 
platform:80 pose:
camera id:0 R: 0.945823 -0.306204 -0.107974 0.31473 0.946356 0.073173 0.0797757 -0.103191 0.991457 
t: 95.1276 -48.5959 44.6135 
platform:81 pose:
camera id:0 R: 0.94704 -0.309136 -0.086887 0.315434 0.946254 0.071443 0.0601316 -0.0950665 0.993653 
t: 84.9813 -48.3244 48.3187 
platform:82 pose:
camera id:0 R: 0.948044 -0.316943 -0.0275654 0.318128 0.945163 0.0739067 0.00262959 -0.0788361 0.996884 
t: 42.1748 -37.4832 44.3322 
platform:83 pose:
camera id:0 R: 0.948748 -0.309787 -0.062524 0.313748 0.947019 0.0686749 0.0379369 -0.084772 0.995678 
t: 66.3758 -46.1338 48.3262 
platform:84 pose:
camera id:0 R: 0.950803 -0.309795 -0.00118586 0.309453 0.949557 0.0508056 -0.0146133 -0.048673 0.998708 
t: 34.8418 -29.8032 45.984 
platform:85 pose:
camera id:0 R: 0.956373 -0.288597 0.0454087 0.287887 0.957421 0.0216059 -0.0497106 -0.00759077 0.998735 
t: 19.4349 -13.1129 52.9053 
platform:86 pose:
camera id:0 R: 0.958754 -0.27877 0.0554796 0.278436 0.960355 0.0138231 -0.0571336 0.00219457 0.998364 
t: 11.4654 -5.87492 55.3572 
platform:87 pose:
camera id:0 R: 0.958612 -0.274507 0.0755551 0.27428 0.961554 0.0135772 -0.0763774 0.00770796 0.997049 
t: -2.28881 2.65656 55.8816 
platform:88 pose:
camera id:0 R: 0.943008 -0.302641 0.138366 0.299499 0.953105 0.0434961 -0.145041 0.00042346 0.989426 
t: -39.6929 12.2106 57.5336 
platform:89 pose:
camera id:0 R: 0.941183 -0.306591 0.142045 0.305775 0.95169 0.0280832 -0.143792 0.0170023 0.989462 
t: -39.0241 27.0099 53.5503 
platform:90 pose:
camera id:0 R: 0.953304 -0.300901 0.0258841 0.300073 0.953394 0.0315506 -0.0341713 -0.0223102 0.999167 
t: 24.4506 -21.5917 51.9703 
platform:91 pose:
camera id:0 R: 0.950451 -0.28663 0.120356 0.283276 0.958006 0.0444786 -0.128051 -0.00818068 0.991734 
t: -29.3186 7.10389 58.2644 
platform:92 pose:
camera id:0 R: 0.956744 -0.274562 0.0962067 0.271877 0.96149 0.0402437 -0.103551 -0.0123466 0.994547 
t: -16.152 5.22159 57.1002 
platform:93 pose:
camera id:0 R: 0.956553 -0.286227 0.0555067 0.287469 0.957661 -0.0156988 -0.0486632 0.0309733 0.998335 
t: -3.07228 39.4091 21.5006 
platform:94 pose:
camera id:0 R: 0.959306 -0.280438 0.0329783 0.281553 0.958862 -0.0362218 -0.0214637 0.0440329 0.9988 
t: 6.13732 46.8305 16.0139 
platform:95 pose:
camera id:0 R: 0.952616 -0.292734 0.0826441 0.293095 0.95605 0.00800421 -0.081355 0.0165976 0.996547 
t: -11.0787 33.3415 25.9173 
platform:96 pose:
camera id:0 R: 0.964239 -0.259794 0.0524362 0.257242 0.965013 0.0507597 -0.0637887 -0.0354557 0.997333 
t: 0.478151 37.0664 38.4933 
platform:97 pose:
camera id:0 R: 0.960153 -0.268954 0.0759651 0.265229 0.962577 0.0556687 -0.0880946 -0.0333023 0.995555 
t: -6.49893 37.4571 41.5611 
platform:98 pose:
camera id:0 R: 0.951194 -0.287476 0.112197 0.285408 0.957788 0.0344221 -0.117356 -0.000720124 0.99309 
t: -22.8963 35.4148 48.5387 
platform:99 pose:
camera id:0 R: 0.960216 -0.278984 0.0123683 0.279203 0.958212 -0.0622438 0.00551355 0.0632208 0.997984 
t: 12.2645 53.2435 13.0324 
platform:100 pose:
camera id:0 R: 0.962297 -0.271707 -0.0126452 0.269633 0.959008 -0.0871873 0.0358163 0.0804905 0.996112 
t: 20.0991 60.2746 9.17466 
platform:101 pose:
camera id:0 R: 0.963904 -0.26446 -0.0308317 0.259342 0.958784 -0.116082 0.06026 0.103896 0.992761 
t: 28.2939 64.8701 5.42061 
platform:102 pose:
camera id:0 R: 0.96527 -0.256929 -0.0473493 0.247385 0.957153 -0.150531 0.0839963 0.133589 0.987471 
t: 38.7451 71.7129 2.43915 
platform:103 pose:
camera id:0 R: 0.98234 -0.122918 -0.141064 0.0750686 0.949515 -0.304609 0.171384 0.28864 0.941974 
t: 65.933 112.229 -15.4142 
platform:104 pose:
camera id:0 R: 0.993972 -0.0776352 -0.0774049 0.0383381 0.907628 -0.41802 0.102708 0.412533 0.905134 
t: 47.9013 149.9 -17.6914 
platform:105 pose:
camera id:0 R: 0.999164 -0.029625 -0.0281708 0.0132289 0.886326 -0.462873 0.0386811 0.462114 0.885977 
t: 43.3215 162.871 -22.1636 
platform:106 pose:
camera id:0 R: 0.968644 -0.236057 -0.0774993 0.213738 0.950752 -0.22447 0.12667 0.200867 0.971394 
t: 55.1217 79.7852 -0.818779 
platform:107 pose:
camera id:0 R: 0.949914 -0.200646 -0.239593 0.147539 0.963781 -0.222166 0.275492 0.175689 0.945112 
t: 108.1 80.2117 -21.3288 
platform:108 pose:
camera id:0 R: 0.96018 -0.228504 -0.160751 0.191552 0.957284 -0.216599 0.203378 0.177182 0.962935 
t: 88.8996 71.4139 -5.95238 
platform:109 pose:
camera id:0 R: 0.972328 -0.138089 -0.188438 0.0868305 0.962438 -0.257241 0.216882 0.233761 0.947797 
t: 78.5176 99.6269 -19.4704 
platform:110 pose:
camera id:0 R: 0.990199 -0.096884 -0.100594 0.0515855 0.923045 -0.381219 0.129787 0.372293 0.918996 
t: 54.5351 137.226 -13.9661 
platform:111 pose:
camera id:0 R: 0.985063 -0.116774 -0.126548 0.0693326 0.941689 -0.329264 0.157618 0.315572 0.935719 
t: 61.8806 117.232 -14.4118 
platform:112 pose:
camera id:0 R: 0.999976 0.00616215 0.00307575 -0.00372555 0.859604 -0.510948 -0.00579246 0.510924 0.859606 
t: 30.3155 171.935 -26.1632 
platform:113 pose:
camera id:0 R: 0.999944 0.00246357 -0.0103018 -0.00762675 0.842368 -0.538848 0.0073504 0.538896 0.84234 
t: 36.1382 174.027 -29.0184 
platform:114 pose:
camera id:0 R: 0.999637 -0.0262406 -0.00603502 0.0181845 0.823234 -0.567411 0.0198575 0.567095 0.823413 
t: 33.6137 172.614 -31.267 
platform:115 pose:
camera id:0 R: 0.999641 -0.0259658 0.00661934 0.0253509 0.836382 -0.54756 0.00868151 0.547531 0.83674 
t: 27.4703 164.557 -25.6359 
