platform:0 pose:
camera id:0 R: 0.950366 0.310843 0.0134394 0.0507951 -0.197626 0.978961 0.306959 -0.929689 -0.203606 
t: -3.08059 7.52157 1.37123 camera id:1 R: 0.982145 0.186241 0.0265711 0.00826188 -0.183804 0.982928 0.187945 -0.965158 -0.182061 
t: -1.6564 8.43612 1.35882 camera id:2 R: 0.997111 0.0734359 0.0194036 -0.00846533 -0.146425 0.989185 0.0754829 -0.986492 -0.145381 
t: -0.584943 8.90849 1.35765 camera id:3 R: 0.999935 -0.00879544 0.00731843 -0.00879544 -0.181755 0.983304 -0.00731843 -0.983304 -0.181821 
t: 0.0856259 8.92585 1.35649 camera id:4 R: 0.98949 -0.144466 -0.00621011 -0.0176714 -0.163439 0.986395 -0.143515 -0.975919 -0.164274 
t: 1.22812 8.96263 1.35656 camera id:5 R: 0.973048 -0.230371 -0.0103237 -0.0316585 -0.177797 0.983558 -0.228418 -0.956722 -0.180298 
t: 2.2649 8.74214 1.36897 camera id:6 R: 0.94614 -0.32302 -0.0218406 -0.0372983 -0.175762 0.983726 -0.321602 -0.929928 -0.178343 
t: 3.12892 8.20371 1.36811 camera id:7 R: 0.879847 -0.473954 -0.0351681 -0.0794057 -0.219559 0.972362 -0.468577 -0.852738 -0.230813 
t: 3.76959 7.13941 1.3596 camera id:8 R: 0.836756 -0.547064 -0.0236547 -0.096336 -0.1896 0.977124 -0.539034 -0.815336 -0.211351 
t: 4.41588 6.00747 1.36918 camera id:9 R: 0.744979 -0.665635 -0.0440101 -0.104999 -0.182154 0.977648 -0.658773 -0.723706 -0.205592 
t: 4.86512 4.96031 1.36562 camera id:10 R: 0.713067 -0.700552 0.0276094 -0.0913915 -0.0538356 0.994359 -0.695113 -0.711568 -0.102413 
t: 4.94883 3.74441 1.3539 
